0 -0.396368 0.59098
0 -0.382508 0.308905
0 -0.348305 0.807786
0 -0.329379 0.206204
0 -0.234463 0.0383212
0 -0.216949 0.388213
0 -0.210412 0.668926
0 -0.20678 0.961679
0 -0.0920904 0.224453
0 -0.0825886 0.768248
0 -0.0598379 0.491431
1 0.115631 0.230941
1 0.187712 0.356752
1 0.220508 0.109124
1 0.298704 0.243023
1 0.322203 0.419343
1 0.366102 0.0571776
1 0.488849 0.248175
1 0.491525 0.446024
1 0.521092 0.0442011
1 0.627495 0.43532
1 0.669915 0.0629562
1 0.686441 0.24635
1 0.756929 0.401889
1 0.771486 0.10176
1 0.889266 0.266423
