0 -0.392488 0.765135
0 -0.353041 0.578467
0 -0.238176 0.465328
0 -0.220191 0.827179
0 -0.209628 0.67135
0 -0.0561655 0.391423
0 -0.0384068 0.578947
0 -0.0379129 0.764801
0 0.029467 0.412814
0 0.116132 0.650547
0 0.173649 0.454015
1 0.22424 0.281934
1 0.252186 0.136969
1 0.281672 0.426095
1 0.376778 0.282751
1 0.387162 0.570803
1 0.405803 0.126234
1 0.491821 0.665002
1 0.511526 0.426578
1 0.544482 0.196878
1 0.606686 0.737418
1 0.654655 0.571371
1 0.664602 0.302717
1 0.760323 0.426399
1 0.788851 0.737835
1 0.808699 0.530109
