1 -0.147389 -0.00115741
1 -0.116361 0.235294
1 -0.101093 -0.256944
1 -0.000607165 0.392747
1 0 -0.00146199
1 -0.000136612 -0.375347
1 0.107522 -0.255719
1 0.115847 0.254167
1 0.154613 -0.000408497
2 0.247875 -0.000385802
2 0.286126 0.235725
2 0.293356 -0.275219
2 0.387295 0.372396
2 0.394568 -0.000816993
2 0.394809 -0.392361
2 0.510792 0.235764
2 0.510792 -0.257292
2 0.549823 -0.00163399
3 0.634904 -0.00173611
3 0.673095 0.236928
3 0.681131 -0.257353
3 0.774317 0.372222
3 0.782064 -0.00163399
3 0.781876 -0.375386
3 0.890574 0.235764
3 0.890574 -0.257292
3 0.929114 -0.00115741
