0 0.0568738 0.724655
0 0.0576271 0.590024
0 0.114501 0.662612
0 0.124576 0.838047
0 0.124482 0.456002
0 0.172128 0.538524
0 0.221186 0.651916
0 0.230339 0.766241
0 0.249153 0.953163
0 0.268927 0.569343
0 0.278154 0.362328
0 0.287422 0.859201
0 0.354991 0.704177
0 0.40339 0.8382
0 0.461017 0.765655
0 0.421535 0.228639
0 0.479163 0.92207
0 0.489642 0.124899
1 0.364496 0.48713
1 0.408475 0.618613
1 0.422034 0.352418
1 0.461017 0.455436
1 0.499274 0.662409
1 0.518644 0.590024
1 0.527872 0.496756
1 0.547269 0.31103
1 0.5665 0.403607
1 0.614955 0.641906
1 0.614915 0.537956
1 0.624526 0.455346
1 0.652542 0.352418
1 0.691525 0.527981
0 0.557203 0.196168
0 0.585499 0.0624493
0 0.595183 0.766615
0 0.633898 0.145217
0 0.662524 0.248986
0 0.749341 0.641727
0 0.767886 0.363043
0 0.777866 0.176471
0 0.797324 0.49635
0 0.806968 0.269465
0 0.826271 0.0935219
0 0.845424 0.413869
0 0.864576 0.569526
0 0.903091 0.320739
0 0.941525 0.465785
0 0.950471 0.239051