0 -0.385106 0.442896
0 -0.336999 0.567074
0 -0.327929 0.297436
0 -0.2116362 0.64012
0 -0.20188964 0.442939
0 -0.20170068 0.23595
0 -0.062857 0.566667
0 -0.06232 0.307172
0 -0.011192 0.442125
1 0.278061 0.500458
1 0.236689 0.685108
1 0.454656 0.26652
1 0.326689 0.335108
1 0.334656 0.54652
1 0.288061 0.420458
1 0.426689 0.355108
1 0.344656 0.54652
1 0.431784 0.500611
1 0.441232 0.791616
1 0.460695 0.345136
1 0.547019 0.885154
1 0.566416 0.646424
1 0.60068 0.415385
1 0.662698 0.957875
1 0.7116 0.791209
1 0.720888 0.521439
1 0.817602 0.645604
1 0.845686 0.958357
1 0.866497 0.749542
0 0.316327  -0.202442
0 0.355102  -0.10674
0 0.37415   -0.312639
0 0.498747   0.011105
0 0.5       -0.202442
0 0.634165  -0.331665
0 0.644558  -0.077363
0 0.692517  -0.1621978
0 0.49983   -0.394322
