1 0.0469224 0.237803
1 0.0566855 0.744931
1 0.0860169 0.362226
1 0.105085 0.868613
1 0.104371 0.103726
1 0.113649 0.600269
1 0.228903 0.0418748
1 0.229567 0.941403
1 0.229567 0.445053
1 0.229567 0.237632
1 0.239251 0.745294
1 0.239831 0.538777
1 0.364307 0.103478
1 0.374011 0.372466
1 0.383764 0.868613
1 0.383848 0.610348
1 0.421846 0.238037
1 0.431638 0.744526
2 0.5371 0.745337
2 0.536842 0.238571
2 0.584835 0.363043
2 0.585499 0.879359
2 0.594539 0.611314
2 0.594539 0.104015
2 0.710169 0.942214
2 0.710437 0.435075
2 0.719774 0.744526
2 0.720127 0.548358
2 0.719774 0.237226
2 0.72 0.0416058
2 0.854237 0.879562
2 0.854426 0.610503
2 0.854426 0.362328
2 0.854426 0.103204
2 0.902825 0.744526
2 0.902825 0.237226
