1 0.10565 0.392525
1 0.124576 0.660455
1 0.172128 0.300202
1 0.211525 0.546909
1 0.220161 0.928804
2 0.29661 0.114949
1 0.297109 0.856471
2 0.306281 0.053262
1 0.307533 0.279798
1 0.316451 0.651337
1 0.32678 0.413091
2 0.365254 0.165909
1 0.404661 0.788182
1 0.451036 0.433737
1 0.451695 0.598636
1 0.489831 0.98
2 0.508873 0.103957
1 0.557328 0.712299
1 0.575706 0.867273
2 0.605424 0.289455
2 0.720678 0.104
2 0.729944 0.258182
2 0.835593 0.393333
2 0.932034 0.268909
2 1.04746 0.454545
2 1.04692 0.258756
2 1.14373 0.176
2 1.15273 0.341212
