1 0.132053 0.301632
1 0.138255 0.585874
2 0.190665 0.880576
2 0.248488 0.776764
1 0.287202 0.114964
1 0.306523 0.290468
1 0.316327 0.456204
1 0.325586 0.642741
2 0.422619 0.724909
2 0.431595 0.818532
1 0.431973 0.21821
1 0.460384 0.332546
1 0.470388 0.0837269
1 0.508593 0.446984
1 0.508503 0.611542
2 0.547241 0.94262
2 0.567177 0.662865
1 0.58631 0.280109
2 0.652461 0.797982
1 0.681973 0.136314
1 0.682823 0.476734
1 0.730492 0.280163
2 0.75034 0.486861
2 0.797888 0.643104
2 0.827098 0.207826
2 0.855942 0.42529
2 0.903571 0.808394
2 0.913265 0.146594
2 0.962585 0.600973
2 0.962585 0.352798
